Adams     74.1  73.7  80.2  69.2  84.8  79.2  77
Anderson  78.9  63  80.1  86.7  82.9  72.6  85.2
Baker     100  97  88.9  93.4  100  100  88.9
Brown     100  87.8  98.7  100  84.9  94.3  96.6
Butler    69.1  0  64.8  70  79.8  74.9  66.1
Gonzalez  67.7  85.4  72.3  70.2  75  88.2  68.8
Gray      78.9  86.8  90.6  64  64.9  69.6  73.9
Harris    37.3  59.2  51.8  73.1  55.9  54.5  66.9
Lewis     70.1  76.5  56.8  63.3  81  71.7  72.5
Long      87.5  95.1  96  100  73.6  70.9  69.8
Miller    81.4  89.6  79.9  100  93.6  89.3  97.4
Morgan    77.4  81.7  74.5  70.5  76.5  75.8  80.1
Morris    46.9  58.2  52.6  63.4  64.1  58.7  59.3
Parker    79.1  91  68.7  96.8  92.7  92.1  79
Phillips  46.2  63.6  61.6  59.9  61.1  60.2  56.4
Price     78.7  78.8  100  100  97.3  70.6  95.4
Rivera    85.7  66.6  84.9  69.2  81  72.2  76.2
Turner    88.2  81.6  75.3  78.9  74.5  69.1  77.9
Williams  71.7  58.3  75.2  55.7  60.5  75.2  83.8
Wilson    88.4  82.1  87.3  82.9  77.5  80.9  98