Anderson  84.2  100  79.9  87  99.4  83.8  84.8
Bell      89.7  82.7  100  90.9  100  84.1  80.1
Gonzalez  81.9  64.5  63.5  85.2  83.7  73.5  77.5
Howard    58.9  73  72.1  60.7  100  64  55.4
King      93.4  100  81.5  85.3  97.9  100  99.9
Long      78.9  96.2  100  84.6  72.6  84.4  94.1
Nelson    71  74.8  70.7  73.3  62  0  71.2
Perez     77.7  72.8  77  81.3  73.7  81.2  79.5
Rivera    69.6  76.1  84.5  72.9  88.4  88.5  73.4
Sanders   93.6  94.7  100  95.2  84.5  88.8  64.3
Torres    81.3  84.9  66.3  61.4  87.2  82.2  72
Wood      75.3  72.6  77  88.9  80.9  85.7  86.6