Bailey  68.6  68.7  67  62.3  48.5  67.6  75.9
Barnes  89.9  74.7  71.1  77.3  68.9  64.5  59.5
Bell  86.3  86.3  69.3  94.9  83.7  90.1  65.3
Butler  70.7  81.4  66.7  61  63.9  49.1  59.2
Campbell  67.7  60.4  68.3  68.8  59.9  65.1  60.3
Diaz  52.8  67.4  63.9  56.4  58.9  65.3  57
Foster  99  77.6  89.1  70.6  76.7  74.7  85.6
Gonzalez  89.8  68.1  84  84.5  78.3  83.5  65.5
Green  69.9  94.9  90.1  77  100  95.4  77.5
Howard  59  59.4  60.6  63.2  63.3  55  64.9
James  51.5  52.2  72  61.4  53.8  70.1  57.6
Johnson  51.9  58.2  67.8  70.5  58.5  50.9  65.2
Jones  61  69.4  89.8  64.5  96.6  73.2  81.5
Lewis  94.4  88.4  97.7  99.5  100  80.6  85.4
Martinez  71.2  87.9  67.7  92.4  100  74.4  87.6
Mitchell  59.7  76.8  66.1  64  68.2  64.4  72.6
Nelson  63.4  54.8  52.1  50.2  67.5  68.6  54.4
Parker  74.2  64.3  65.9  79.2  86.5  74.2  76.5
Patterson  56.6  68.4  55.2  0  45.3  56.5  60.6
Phillips  89.8  75.7  85.6  86.6  95.5  95.7  75.8
Ramirez  89.8  100  89.1  88.2  75.7  71.5  89.6
Thomas  53.1  58.3  54.5  55.5  57.6  62.7  65.7
Turner  54.4  56.4  50.8  60.1  53.7  52.1  50.5
Walker  83.5  68.7  71.5  70.9  77.8  63.6  76.9